	 load_graph: time cost = 20,809
	 G : n = 5881, m = 21492, pm = 18250, nm = 3242
	 Graph: bitcoin.txt,	 k: 2
	 k = 1
	 get_k_core, T : 47,	 n=5881, m=21492
	 CTCP: tv = 1, te = 0
	 CTCP, T : 5,870,	 n=5881, m=21492
---------------------------
u = 8, deg = 1
n = 5881, m = 21492
0 45
45 95
95 98
98 353
353 370
370 435
435 447
447 646
646 647
647 656
656 888
888 914
914 922
922 925
925 949
949 978
978 1067
1067 1078
1078 1089
1089 1131
1131 1133
1133 1139
1139 1142
1142 1927
1927 1964
1964 1977
1977 1979
1979 2005
2005 2018
2018 2029
2029 2030
2030 2032
2032 2063
2063 2064
2064 2066
2066 2073
2073 2176
2176 2177
2177 2255
2255 2263
2263 2264
2264 2271
2271 2272
2272 2281
2281 2287
2287 2288
2288 2300
2300 2301
2301 2310
2310 2315
2315 2394
2394 2397
2397 2420
2420 2430
2430 2505
2505 2506
2506 2525
2525 2533
2533 2565
2565 2566
2566 2626
2626 2627
2627 2629
2629 2631
2631 2632
2632 2639
2639 2674
2674 2678
2678 2679
2679 2687
2687 2695
2695 2706
2706 2707
2707 2709
2709 2710
2710 2712
2712 2718
2718 2725
2725 2740
2740 2746
2746 2772
2772 2808
2808 2817
2817 2821
2821 2823
2823 2826
2826 2832
2832 2833
2833 2834
2834 2867
2867 2869
2869 2911
2911 2920
2920 2998
2998 3010
3010 3012
3012 3014
3014 3015
3015 3036
3036 3040
3040 3051
3051 3075
3075 3119
3119 3120
3120 3136
3136 3139
3139 3144
3144 3160
3160 3197
3197 3202
3202 3212
3212 3218
3218 3219
3219 3222
3222 3229
3229 3231
3231 3234
3234 3241
3241 3244
3244 3246
3246 3255
3255 3257
3257 3270
3270 3284
3284 3285
3285 3287
3287 3288
3288 3341
3341 3342
3342 3346
3346 3350
3350 3351
3351 3355
3355 3365
3365 3405
3405 3407
3407 3417
3417 3423
3423 3448
3448 3449
3449 3452
3452 3475
3475 3477
3477 3489
3489 3490
3490 3523
3523 3525
3525 3528
3528 3529
3529 3532
3532 3554
3554 3556
3556 3559
3559 3560
3560 3561
3561 3610
3610 3616
3616 3623
3623 3627
3627 3752
3752 3762
3762 3783
3783 3784
3784 3799
3799 3806
3806 3837
3837 3838
3838 3845
3845 3847
3847 3854
3854 3855
3855 3869
3869 3921
3921 3930
3930 3934
3934 3936
3936 3957
3957 3958
3958 3968
3968 3976
3976 3982
3982 3988
3988 4003
4003 4036
4036 4041
4041 4042
4042 4045
4045 4047
4047 4050
4050 4063
4063 4076
4076 4079
4079 4080
4080 4087
4087 4097
4097 4101
4101 4108
4108 4124
4124 4130
4130 4135
4135 4145
4145 4150
4150 4151
4151 4154
4154 4157
4157 4166
4166 4186
4186 4198
4198 4199
4199 4200
4200 4202
4202 4237
4237 4330
4330 4332
4332 4335
4335 4337
4337 4345
4345 4351
4351 4353
4353 4355
4355 4360
4360 4380
4380 4381
4381 4387
4387 4391
4391 4400
4400 4406
4406 4408
4408 4420
4420 4448
4448 4472
4472 4474
4474 4480
4480 4522
4522 4524
4524 4526
4526 4531
4531 4592
4592 4593
4593 4599
4599 4614
4614 4624
4624 4630
4630 4632
4632 4633
4633 4640
4640 4641
4641 4642
4642 4644
4644 4650
4650 4651
4651 4676
4676 4682
4682 4685
4685 4695
4695 4697
4697 4701
4701 4702
4702 4703
4703 4818
4818 4824
4824 4825
4825 4826
4826 4828
4828 4841
4841 4880
4880 4884
4884 4885
4885 4897
4897 4899
4899 4902
4902 4903
4903 4906
4906 4910
4910 4915
4915 4924
4924 4930
4930 4941
4941 4942
4942 4947
4947 4959
4959 4960
4960 4966
4966 4967
4967 4970
4970 4971
4971 4972
4972 4973
4973 4977
4977 5000
5000 5001
5001 5008
5008 5009
5009 5017
5017 5018
5018 5046
5046 5048
5048 5138
5138 5139
5139 5140
5140 5144
5144 5150
5150 5163
5163 5166
5166 5168
5168 5174
5174 5175
5175 5176
5176 5178
5178 5179
5179 5181
5181 5187
5187 5224
5224 5228
5228 5231
5231 5241
5241 5250
5250 5251
5251 5255
5255 5256
5256 5273
5273 5286
5286 5287
5287 5297
5297 5301
5301 5318
5318 5319
5319 5321
5321 5331
5331 5332
5332 5335
5335 5344
5344 5347
5347 5359
5359 5376
5376 5388
5388 5399
5399 5403
5403 5420
5420 5421
5421 5429
5429 5437
5437 5438
5438 5444
5444 5462
5462 5465
5465 5467
5467 5481
5481 5484
5484 5487
5487 5490
5490 5496
5496 5498
5498 5517
5517 5530
5530 5533
5533 5539
5539 5545
5545 5546
5546 5547
5547 5560
5560 5564
5564 5565
5565 5569
5569 5581
5581 5582
5582 5585
5585 5590
5590 5591
5591 5593
5593 5606
5606 5609
5609 5611
5611 5618
5618 5627
5627 5628
5628 5643
5643 5645
5645 5646
5646 5647
5647 5668
5668 5671
5671 5676
5676 5681
5681 5683
5683 5684
5684 5686
5686 5708
5708 5711
5711 5714
5714 5723
5723 5724
5724 5726
5726 5742
5742 5744
5744 5748
5748 5753
5753 5758
5758 5772
5772 5774
5774 5775
5775 5836
5836 5839
5839 5853
5853 5868
5868 5870
5870 5871
5871 5876
5876 5877
5877 5878
5878 5908
5908 5918
5918 5927
5927 5944
5944 5947
5947 5950
5950 5953
5953 5956
5956 5962
5962 5963
5963 5964
5964 5965
5965 5981
5981 5982
5982 6017
6017 6018
6018 6019
6019 6044
6044 6045
6045 6049
6049 6051
6051 6060
6060 6070
6070 6073
6073 6127
6127 6148
6148 6156
6156 6159
6159 6172
6172 6176
6176 6180
6180 6186
6186 6194
6194 6198
6198 6208
6208 6227
6227 6229
6229 6230
6230 6231
6231 6235
6235 6238
6238 6242
6242 6244
6244 6248
6248 6252
6252 6254
6254 6255
6255 6258
6258 6260
6260 6265
6265 6267
6267 6272
6272 6275
6275 6276
6276 6281
6281 6282
6282 6284
6284 6303
6303 6304
6304 6315
6315 6316
6316 6350
6350 6414
6414 6415
6415 6416
6416 6417
6417 6419
6419 6482
6482 6486
6486 6488
6488 6489
6489 6499
6499 6500
6500 6504
6504 6520
6520 6531
6531 6560
6560 6564
6564 6625
6625 6634
6634 6654
6654 6702
6702 6703
6703 6711
6711 6714
6714 6715
6715 6716
6716 6718
6718 6796
6796 6959
6959 6976
6976 6981
6981 6983
6983 6984
6984 7036
7036 7037
7037 7039
7039 7048
7048 7050
7050 7052
7052 7056
7056 7059
7059 7062
7062 7064
7064 7072
7072 7074
7074 7084
7084 7089
7089 7090
7090 7097
7097 7099
7099 7102
7102 7105
7105 7123
7123 7128
7128 7130
7130 7135
7135 7136
7136 7137
7137 7144
7144 7153
7153 7154
7154 7155
7155 7157
7157 7159
7159 7163
7163 7164
7164 7174
7174 7178
7178 7183
7183 7185
7185 7191
7191 7247
7247 7260
7260 7261
7261 7263
7263 7265
7265 7266
7266 7269
7269 7272
7272 7280
7280 7281
7281 7282
7282 7283
7283 7284
7284 7285
7285 7286
7286 7290
7290 7294
7294 7309
7309 7310
7310 7318
7318 7319
7319 7325
7325 7326
7326 7327
7327 7328
7328 7330
7330 7331
7331 7335
7335 7336
7336 7338
7338 7341
7341 7350
7350 7351
7351 7353
7353 7360
7360 7364
7364 7365
7365 7388
7388 7397
7397 7411
7411 7413
7413 7440
7440 7441
7441 7445
7445 7467
7467 7474
7474 7507
7507 7541
7541 7542
7542 7544
7544 7546
7546 7548
7548 7549
7549 7557
7557 7561
7561 7573
7573 7602
7602 7603
7603 7605
7605 7614
7614 7624
7624 7627
7627 7631
7631 7645
7645 7648
7648 7651
7651 7657
7657 7659
7659 7663
7663 7664
7664 7666
7666 7706
7706 7707
7707 7709
7709 7711
7711 7715
7715 7723
7723 7724
7724 7726
7726 7727
7727 7728
7728 7730
7730 7731
7731 7733
7733 7735
7735 7743
7743 7744
7744 7752
7752 7755
7755 7756
7756 7758
7758 7759
7759 7762
7762 7764
7764 7820
7820 7826
7826 7832
7832 7834
7834 7841
7841 7843
7843 7844
7844 7845
7845 7847
7847 7849
7849 7850
7850 7851
7851 7852
7852 7856
7856 7858
7858 7871
7871 7877
7877 7879
7879 7882
7882 7888
7888 7902
7902 7903
7903 7906
7906 7912
7912 7913
7913 7917
7917 7942
7942 7943
7943 7944
7944 7963
7963 7964
7964 7967
7967 7968
7968 7970
7970 7971
7971 7979
7979 7980
7980 7983
7983 8010
8010 8016
8016 8018
8018 8026
8026 8028
8028 8031
8031 8083
8083 8086
8086 8087
8087 8122
8122 8130
8130 8133
8133 8141
8141 8142
8142 8143
8143 8144
8144 8149
8149 8154
8154 8155
8155 8156
8156 8158
8158 8174
8174 8177
8177 8181
8181 8182
8182 8183
8183 8184
8184 8186
8186 8187
8187 8188
8188 8190
8190 8196
8196 8197
8197 8201
8201 8202
8202 8209
8209 8211
8211 8221
8221 8222
8222 8223
8223 8224
8224 8227
8227 8228
8228 8230
8230 8231
8231 8231
8231 8243
8243 8250
8250 8254
8254 8276
8276 8277
8277 8279
8279 8281
8281 8342
8342 8345
8345 8360
8360 8370
8370 8372
8372 8383
8383 8395
8395 8406
8406 8408
8408 8409
8409 8413
8413 8414
8414 8422
8422 8422
8422 8425
8425 8426
8426 8428
8428 8433
8433 8436
8436 8439
8439 8442
8442 8447
8447 8448
8448 8449
8449 8452
8452 8456
8456 8457
8457 8467
8467 8474
8474 8475
8475 8483
8483 8485
8485 8486
8486 8487
8487 8490
8490 8491
8491 8492
8492 8495
8495 8499
8499 8500
8500 8501
8501 8503
8503 8504
8504 8506
8506 8509
8509 8511
8511 8518
8518 8519
8519 8539
8539 8540
8540 8544
8544 8546
8546 8553
8553 8555
8555 8557
8557 8560
8560 8561
8561 8563
8563 8566
8566 8570
8570 8571
8571 8573
8573 8582
8582 8584
8584 8585
8585 8655
8655 8659
8659 8663
8663 8664
8664 8666
8666 8668
8668 8676
8676 8681
8681 8682
8682 8684
8684 8686
8686 8691
8691 8692
8692 8700
8700 8702
8702 8703
8703 8717
8717 8719
8719 8720
8720 8721
8721 8722
8722 8731
8731 8741
8741 8743
8743 8746
8746 8747
8747 8749
8749 8753
8753 8756
8756 8757
8757 8759
8759 8763
8763 8766
8766 8770
8770 8772
8772 8774
8774 8779
8779 8781
8781 8783
8783 8784
8784 8786
8786 8788
8788 8789
8789 8850
8850 8851
8851 8853
8853 8854
8854 8855
8855 8856
8856 8858
8858 8865
8865 8866
8866 8869
8869 8882
8882 8882
8882 8889
8889 8891
8891 8893
8893 8897
8897 8910
8910 8911
8911 8915
8915 8921
8921 8929
8929 8931
8931 8937
8937 8991
8991 8994
8994 8998
8998 9001
9001 9005
9005 9006
9006 9007
9007 9010
9010 9011
9011 9022
9022 9023
9023 9024
9024 9033
9033 9045
9045 9054
9054 9055
9055 9076
9076 9079
9079 9082
9082 9089
9089 9103
9103 9105
9105 9110
9110 9111
9111 9113
9113 9114
9114 9170
9170 9176
9176 9178
9178 9210
9210 9212
9212 9214
9214 9216
9216 9224
9224 9225
9225 9227
9227 9228
9228 9230
9230 9233
9233 9237
9237 9238
9238 9242
9242 9243
9243 9244
9244 9246
9246 9248
9248 9249
9249 9250
9250 9251
9251 9254
9254 9256
9256 9260
9260 9266
9266 9267
9267 9268
9268 9278
9278 9280
9280 9287
9287 9288
9288 9289
9289 9290
9290 9291
9291 9292
9292 9300
9300 9302
9302 9303
9303 9308
9308 9309
9309 9311
9311 9318
9318 9333
9333 9334
9334 9336
9336 9338
9338 9343
9343 9344
9344 9345
9345 9346
9346 9348
9348 9350
9350 9363
9363 9364
9364 9365
9365 9367
9367 9368
9368 9371
9371 9375
9375 9622
9622 9623
9623 9625
9625 9626
9626 9627
9627 9639
9639 9640
9640 9641
9641 9643
9643 9644
9644 9646
9646 9647
9647 9654
9654 9657
9657 9662
9662 9665
9665 9667
9667 9678
9678 9679
9679 9680
9680 9681
9681 9682
9682 9888
9888 9894
9894 9899
9899 9902
9902 9904
9904 9906
9906 9908
9908 9910
9910 9918
9918 9919
9919 9931
9931 9932
9932 9934
9934 9935
9935 9936
9936 9937
9937 9947
9947 9948
9948 9951
9951 9957
9957 9958
9958 9959
9959 9973
9973 9977
9977 9978
9978 9979
9979 9989
9989 10002
10002 10004
10004 10007
10007 10008
10008 10012
10012 10013
10013 10016
10016 10018
10018 10070
10070 10118
10118 10120
10120 10122
10122 10124
10124 10126
10126 10129
10129 10145
10145 10146
10146 10147
10147 10149
10149 10150
10150 10156
10156 10159
10159 10162
10162 10168
10168 10172
10172 10173
10173 10177
10177 10179
10179 10180
10180 10181
10181 10186
10186 10187
10187 10188
10188 10190
10190 10191
10191 10202
10202 10203
10203 10204
10204 10205
10205 10206
10206 10207
10207 10211
10211 10212
10212 10213
10213 10214
10214 10215
10215 10216
10216 10217
10217 10221
10221 10222
10222 10244
10244 10246
10246 10278
10278 10286
10286 10289
10289 10290
10290 10302
10302 10316
10316 10317
10317 10317
10317 10318
10318 10319
10319 10320
10320 10327
10327 10330
10330 10332
10332 10339
10339 10340
10340 10341
10341 10342
10342 10344
10344 10345
10345 10348
10348 10354
10354 10356
10356 10357
10357 10358
10358 10359
10359 10365
10365 10366
10366 10368
10368 10369
10369 10370
10370 10371
10371 10372
10372 10373
10373 10376
10376 10383
10383 10386
10386 10390
10390 10392
10392 10395
10395 10398
10398 10399
10399 10400
10400 10401
10401 10406
10406 10408
10408 10409
10409 10410
10410 10414
10414 10415
10415 10416
10416 10417
10417 10421
10421 10422
10422 10423
10423 10424
10424 10425
10425 10426
10426 10427
10427 10429
10429 10430
10430 10432
10432 10442
10442 10443
10443 10444
10444 10445
10445 10446
10446 10452
10452 10453
10453 10454
10454 10524
10524 10525
10525 10527
10527 10530
10530 10534
10534 10535
10535 10538
10538 10540
10540 10541
10541 10542
10542 10543
10543 10546
10546 10547
10547 10550
10550 10551
10551 10552
10552 10555
10555 10557
10557 10559
10559 10560
10560 10561
10561 10562
10562 10605
10605 10607
10607 10609
10609 10610
10610 10611
10611 10614
10614 10618
10618 10622
10622 10623
10623 10624
10624 10625
10625 10627
10627 10628
10628 10630
10630 10632
10632 10637
10637 10706
10706 10709
10709 10724
10724 10726
10726 10728
10728 10740
10740 10741
10741 10743
10743 10744
10744 10744
10744 10745
10745 10747
10747 10749
10749 10750
10750 10751
10751 10835
10835 10837
10837 10840
10840 10841
10841 10842
10842 10854
10854 10856
10856 10857
10857 10859
10859 10864
10864 10869
10869 10870
10870 10879
10879 10881
10881 10884
10884 10887
10887 10888
10888 10889
10889 10890
10890 10891
10891 10894
10894 10896
10896 10905
10905 10906
10906 10908
10908 10911
10911 10916
10916 10923
10923 10959
10959 10960
10960 10962
10962 10963
10963 10965
10965 10966
10966 10978
10978 10980
10980 10982
10982 10984
10984 10985
10985 10986
10986 10987
10987 11003
11003 11007
11007 11008
11008 11011
11011 11012
11012 11015
11015 11018
11018 11020
11020 11021
11021 11023
11023 11027
11027 11030
11030 11050
11050 11062
11062 11063
11063 11067
11067 11068
11068 11082
11082 11087
11087 11088
11088 11096
11096 11097
11097 11099
11099 11100
11100 11155
11155 11157
11157 11158
11158 11159
11159 11159
11159 11160
11160 11161
11161 11163
11163 11165
11165 11177
11177 11189
11189 11191
11191 11210
11210 11215
11215 11216
11216 11217
11217 11224
11224 11226
11226 11227
11227 11228
11228 11231
11231 11233
11233 11238
11238 11247
11247 11248
11248 11249
11249 11250
11250 11252
11252 11252
11252 11253
11253 11257
11257 11258
11258 11270
11270 11275
11275 11276
11276 11277
11277 11278
11278 11284
11284 11336
11336 11456
11456 11482
11482 11487
11487 11489
11489 11490
11490 11498
11498 11499
11499 11501
11501 11506
11506 11507
11507 11512
11512 11513
11513 11514
11514 11515
11515 11520
11520 11528
11528 11529
11529 11531
11531 11532
11532 11533
11533 11535
11535 11716
11716 11719
11719 11720
11720 11721
11721 11724
11724 11725
11725 11727
11727 11734
11734 11736
11736 11737
11737 11772
11772 11775
11775 11776
11776 11777
11777 11907
11907 11917
11917 11923
11923 11924
11924 11926
11926 11929
11929 11933
11933 11935
11935 11936
11936 11937
11937 11940
11940 11980
11980 11981
11981 11982
11982 12030
12030 12031
12031 12053
12053 12056
12056 12060
12060 12062
12062 12063
12063 12064
12064 12065
12065 12077
12077 12078
12078 12083
12083 12084
12084 12085
12085 12086
12086 12151
12151 12158
12158 12160
12160 12160
12160 12161
12161 12162
12162 12164
12164 12164
12164 12166
12166 12181
12181 12182
12182 12183
12183 12184
12184 12341
12341 12344
12344 12359
12359 12363
12363 12367
12367 12388
12388 12393
12393 12396
12396 12397
12397 12401
12401 12402
12402 12403
12403 12404
12404 12406
12406 12408
12408 12429
12429 12434
12434 12435
12435 12437
12437 12446
12446 12447
12447 12451
12451 12452
12452 12453
12453 12455
12455 12457
12457 12461
12461 12462
12462 12463
12463 12464
12464 12467
12467 12468
12468 12469
12469 12470
12470 12471
12471 12472
12472 12474
12474 12475
12475 12476
12476 12477
12477 12481
12481 12486
12486 12487
12487 12489
12489 12492
12492 12496
12496 12497
12497 12499
12499 12500
12500 12500
12500 12502
12502 12506
12506 12648
12648 12649
12649 12650
12650 12651
12651 12659
12659 12660
12660 12672
12672 12673
12673 12674
12674 12678
12678 12680
12680 12684
12684 12685
12685 12686
12686 12688
12688 12691
12691 12698
12698 12703
12703 12704
12704 12705
12705 12707
12707 12708
12708 12715
12715 12716
12716 12737
12737 12738
12738 12741
12741 12743
12743 12752
12752 12756
12756 12781
12781 12783
12783 12786
12786 12787
12787 12792
12792 12793
12793 12794
12794 12799
12799 12800
12800 12801
12801 12813
12813 12814
12814 12815
12815 12816
12816 12826
12826 12829
12829 12830
12830 12832
12832 12833
12833 12834
12834 12836
12836 12868
12868 12869
12869 12902
12902 12903
12903 12904
12904 12939
12939 12941
12941 12944
12944 12976
12976 12977
12977 12980
12980 12984
12984 12986
12986 12989
12989 12990
12990 13027
13027 13031
13031 13039
13039 13042
13042 13044
13044 13050
13050 13055
13055 13057
13057 13058
13058 13060
13060 13068
13068 13074
13074 13075
13075 13081
13081 13111
13111 13151
13151 13152
13152 13154
13154 13155
13155 13157
13157 13158
13158 13161
13161 13162
13162 13163
13163 13164
13164 13181
13181 13182
13182 13192
13192 13194
13194 13232
13232 13237
13237 13238
13238 13242
13242 13243
13243 13261
13261 13262
13262 13266
13266 13267
13267 13268
13268 13269
13269 13273
13273 13340
13340 13356
13356 13371
13371 13372
13372 13373
13373 13374
13374 13375
13375 13405
13405 13406
13406 13424
13424 13425
13425 13427
13427 13428
13428 13429
13429 13430
13430 13432
13432 13434
13434 13537
13537 13538
13538 13539
13539 13542
13542 13543
13543 13546
13546 13547
13547 13549
13549 13552
13552 13578
13578 13590
13590 13676
13676 13678
13678 13680
13680 13681
13681 13682
13682 13683
13683 13688
13688 13689
13689 13696
13696 13698
13698 13700
13700 13701
13701 13702
13702 13703
13703 13707
13707 13708
13708 13709
13709 13710
13710 13711
13711 13716
13716 13718
13718 13719
13719 13721
13721 13729
13729 13730
13730 13732
13732 13733
13733 13818
13818 13822
13822 13823
13823 13825
13825 13839
13839 13845
13845 13847
13847 13886
13886 13888
13888 13889
13889 13891
13891 13903
13903 13904
13904 13906
13906 13909
13909 13910
13910 13916
13916 13971
13971 13972
13972 13973
13973 13975
13975 13978
13978 13980
13980 13993
13993 13995
13995 14019
14019 14020
14020 14021
14021 14023
14023 14024
14024 14139
14139 14142
14142 14145
14145 14146
14146 14149
14149 14154
14154 14157
14157 14167
14167 14171
14171 14175
14175 14176
14176 14177
14177 14178
14178 14221
14221 14225
14225 14226
14226 14228
14228 14234
14234 14237
14237 14240
14240 14242
14242 14247
14247 14278
14278 14278
14278 14282
14282 14289
14289 14290
14290 14292
14292 14294
14294 14303
14303 14355
14355 14359
14359 14384
14384 14385
14385 14386
14386 14387
14387 14388
14388 14389
14389 14390
14390 14391
14391 14396
14396 14407
14407 14409
14409 14411
14411 14430
14430 14459
14459 14460
14460 14463
14463 14466
14466 14520
14520 14521
14521 14522
14522 14525
14525 14526
14526 14527
14527 14531
14531 14545
14545 14549
14549 14550
14550 14553
14553 14554
14554 14555
14555 14556
14556 14557
14557 14558
14558 14558
14558 14561
14561 14571
14571 14612
14612 14617
14617 14618
14618 14619
14619 14621
14621 14622
14622 14623
14623 14625
14625 14635
14635 14637
14637 14642
14642 14644
14644 14645
14645 14646
14646 14656
14656 14657
14657 14708
14708 14718
14718 14719
14719 14721
14721 14721
14721 14723
14723 14811
14811 14813
14813 14813
14813 14816
14816 14829
14829 14830
14830 14833
14833 14834
14834 14856
14856 14857
14857 14860
14860 14867
14867 14888
14888 14904
14904 14974
14974 14974
14974 14983
14983 14984
14984 14985
14985 14986
14986 14987
14987 14988
14988 14989
14989 14993
14993 14995
14995 14999
14999 15014
15014 15015
15015 15017
15017 15018
15018 15019
15019 15084
15084 15094
15094 15097
15097 15105
15105 15108
15108 15110
15110 15111
15111 15120
15120 15121
15121 15123
15123 15125
15125 15169
15169 15177
15177 15179
15179 15182
15182 15185
15185 15187
15187 15188
15188 15190
15190 15209
15209 15212
15212 15214
15214 15215
15215 15219
15219 15220
15220 15223
15223 15225
15225 15229
15229 15235
15235 15236
15236 15299
15299 15306
15306 15307
15307 15310
15310 15312
15312 15313
15313 15321
15321 15322
15322 15325
15325 15333
15333 15339
15339 15351
15351 15352
15352 15353
15353 15356
15356 15357
15357 15361
15361 15362
15362 15383
15383 15384
15384 15385
15385 15390
15390 15394
15394 15396
15396 15397
15397 15398
15398 15401
15401 15403
15403 15404
15404 15415
15415 15416
15416 15418
15418 15419
15419 15520
15520 15523
15523 15526
15526 15527
15527 15528
15528 15530
15530 15534
15534 15808
15808 15812
15812 15837
15837 15838
15838 15841
15841 15852
15852 15858
15858 15862
15862 15890
15890 15892
15892 15900
15900 15934
15934 15935
15935 15939
15939 15966
15966 15969
15969 15970
15970 15971
15971 15972
15972 15975
15975 15978
15978 15980
15980 15981
15981 15993
15993 16056
16056 16058
16058 16058
16058 16059
16059 16063
16063 16064
16064 16066
16066 16067
16067 16068
16068 16069
16069 16070
16070 16072
16072 16086
16086 16087
16087 16088
16088 16097
16097 16102
16102 16105
16105 16111
16111 16116
16116 16120
16120 16121
16121 16122
16122 16123
16123 16125
16125 16148
16148 16154
16154 16155
16155 16160
16160 16163
16163 16164
16164 16169
16169 16176
16176 16177
16177 16196
16196 16197
16197 16199
16199 16335
16335 16338
16338 16340
16340 16342
16342 16343
16343 16344
16344 16359
16359 16361
16361 16364
16364 16365
16365 16366
16366 16367
16367 16375
16375 16377
16377 16378
16378 16382
16382 16409
16409 16411
16411 16415
16415 16425
16425 16428
16428 16467
16467 16500
16500 16505
16505 16506
16506 16507
16507 16508
16508 16509
16509 16524
16524 16525
16525 16526
16526 16528
16528 16547
16547 16548
16548 16549
16549 16558
16558 16561
16561 16562
16562 16565
16565 16575
16575 16578
16578 16579
16579 16580
16580 16588
16588 16590
16590 16595
16595 16597
16597 16602
16602 16621
16621 16623
16623 16624
16624 16631
16631 16632
16632 16803
16803 16808
16808 16808
16808 16813
16813 16815
16815 16817
16817 16819
16819 16820
16820 16823
16823 16830
16830 16831
16831 16843
16843 16844
16844 16847
16847 16892
16892 16894
16894 16895
16895 16895
16895 16897
16897 16910
16910 16913
16913 16919
16919 16921
16921 16927
16927 16931
16931 16935
16935 16936
16936 16943
16943 16945
16945 16946
16946 16953
16953 16954
16954 16955
16955 16960
16960 16961
16961 16964
16964 16967
16967 16976
16976 16993
16993 16996
16996 17000
17000 17006
17006 17007
17007 17087
17087 17098
17098 17114
17114 17115
17115 17118
17118 17119
17119 17121
17121 17130
17130 17131
17131 17153
17153 17158
17158 17159
17159 17159
17159 17194
17194 17195
17195 17197
17197 17213
17213 17220
17220 17221
17221 17222
17222 17235
17235 17241
17241 17244
17244 17250
17250 17251
17251 17257
17257 17258
17258 17264
17264 17265
17265 17266
17266 17267
17267 17268
17268 17269
17269 17270
17270 17288
17288 17290
17290 17293
17293 17316
17316 17578
17578 17580
17580 17581
17581 17582
17582 17583
17583 17584
17584 17600
17600 17601
17601 17607
17607 17617
17617 17742
17742 17749
17749 17751
17751 17757
17757 17759
17759 17762
17762 17768
17768 17769
17769 17774
17774 17776
17776 17778
17778 17780
17780 17801
17801 17802
17802 17803
17803 17805
17805 17860
17860 17870
17870 17870
17870 17871
17871 17992
17992 17994
17994 18006
18006 18007
18007 18019
18019 18024
18024 18033
18033 18038
18038 18039
18039 18042
18042 18043
18043 18046
18046 18047
18047 18063
18063 18066
18066 18067
18067 18068
18068 18085
18085 18086
18086 18093
18093 18095
18095 18109
18109 18113
18113 18118
18118 18119
18119 18125
18125 18126
18126 18131
18131 18132
18132 18138
18138 18140
18140 18142
18142 18143
18143 18144
18144 18148
18148 18155
18155 18158
18158 18159
18159 18161
18161 18162
18162 18164
18164 18169
18169 18170
18170 18171
18171 18172
18172 18195
18195 18197
18197 18200
18200 18201
18201 18203
18203 18228
18228 18234
18234 18291
18291 18295
18295 18299
18299 18302
18302 18311
18311 18330
18330 18331
18331 18341
18341 18343
18343 18552
18552 18553
18553 18564
18564 18565
18565 18568
18568 18578
18578 18580
18580 18581
18581 18583
18583 18586
18586 18588
18588 18605
18605 18607
18607 18615
18615 18618
18618 18650
18650 18652
18652 18656
18656 18658
18658 18662
18662 18675
18675 18677
18677 18678
18678 18679
18679 18681
18681 18682
18682 18687
18687 18688
18688 18690
18690 18692
18692 18707
18707 18712
18712 18714
18714 18715
18715 18717
18717 18718
18718 18723
18723 18725
18725 18745
18745 18746
18746 18747
18747 18748
18748 18750
18750 18751
18751 18813
18813 18828
18828 18845
18845 18852
18852 18853
18853 18864
18864 18865
18865 18867
18867 18871
18871 18872
18872 18928
18928 18929
18929 18930
18930 18931
18931 18952
18952 18971
18971 18974
18974 18975
18975 18976
18976 18986
18986 19046
19046 19052
19052 19053
19053 19054
19054 19057
19057 19059
19059 19070
19070 19074
19074 19075
19075 19080
19080 19089
19089 19090
19090 19091
19091 19098
19098 19098
19098 19099
19099 19100
19100 19102
19102 19104
19104 19140
19140 19141
19141 19142
19142 19149
19149 19150
19150 19159
19159 19160
19160 19166
19166 19167
19167 19168
19168 19169
19169 19174
19174 19174
19174 19175
19175 19177
19177 19178
19178 19193
19193 19206
19206 19217
19217 19230
19230 19231
19231 19232
19232 19236
19236 19237
19237 19238
19238 19238
19238 19239
19239 19242
19242 19243
19243 19257
19257 19278
19278 19279
19279 19282
19282 19283
19283 19284
19284 19285
19285 19288
19288 19289
19289 19290
19290 19298
19298 19301
19301 19307
19307 19309
19309 19313
19313 19317
19317 19349
19349 19350
19350 19353
19353 19354
19354 19355
19355 19359
19359 19361
19361 19416
19416 19420
19420 19421
19421 19424
19424 19431
19431 19432
19432 19434
19434 19436
19436 19439
19439 19443
19443 19444
19444 19445
19445 19446
19446 19457
19457 19459
19459 19460
19460 19471
19471 19472
19472 19474
19474 19558
19558 19560
19560 19568
19568 19569
19569 19574
19574 19581
19581 19582
19582 19593
19593 19594
19594 19605
19605 19606
19606 19607
19607 19608
19608 19768
19768 19774
19774 19775
19775 19783
19783 19789
19789 19819
19819 19820
19820 19821
19821 19822
19822 19851
19851 19855
19855 19865
19865 19877
19877 19882
19882 19901
19901 19902
19902 19905
19905 19908
19908 19948
19948 19951
19951 19952
19952 19953
19953 19983
19983 19984
19984 19985
19985 19999
19999 20001
20001 20002
20002 20003
20003 20005
20005 20008
20008 20021
20021 20024
20024 20025
20025 20028
20028 20031
20031 20031
20031 20032
20032 20033
20033 20037
20037 20040
20040 20043
20043 20068
20068 20069
20069 20071
20071 20078
20078 20081
20081 20116
20116 20121
20121 20122
20122 20124
20124 20125
20125 20126
20126 20127
20127 20133
20133 20137
20137 20141
20141 20142
20142 20143
20143 20170
20170 20175
20175 20177
20177 20181
20181 20182
20182 20184
20184 20185
20185 20185
20185 20186
20186 20190
20190 20191
20191 20193
20193 20247
20247 20249
20249 20250
20250 20251
20251 20253
20253 20254
20254 20262
20262 20263
20263 20266
20266 20268
20268 20273
20273 20275
20275 20282
20282 20284
20284 20303
20303 20305
20305 20306
20306 20307
20307 20308
20308 20325
20325 20370
20370 20384
20384 20403
20403 20405
20405 20406
20406 20408
20408 20475
20475 20477
20477 20481
20481 20485
20485 20490
20490 20497
20497 20500
20500 20501
20501 20502
20502 20509
20509 20523
20523 20526
20526 20528
20528 20529
20529 20536
20536 20537
20537 20539
20539 20540
20540 20543
20543 20544
20544 20558
20558 20560
20560 20563
20563 20565
20565 20575
20575 20576
20576 20577
20577 20579
20579 20581
20581 20586
20586 20588
20588 20589
20589 20603
20603 20607
20607 20609
20609 20609
20609 20610
20610 20613
20613 20615
20615 20618
20618 20619
20619 20626
20626 20628
20628 20631
20631 20637
20637 20638
20638 20639
20639 20640
20640 20642
20642 20644
20644 20658
20658 20659
20659 20660
20660 20661
20661 20662
20662 20663
20663 20665
20665 20667
20667 20668
20668 20675
20675 20676
20676 20678
20678 20679
20679 20680
20680 20685
20685 20686
20686 20688
20688 20703
20703 20704
20704 20714
20714 20718
20718 20719
20719 20720
20720 20722
20722 20723
20723 20724
20724 20725
20725 20770
20770 20775
20775 20793
20793 20796
20796 20797
20797 20799
20799 20799
20799 20801
20801 20802
20802 20805
20805 20806
20806 20807
20807 20808
20808 20812
20812 20822
20822 20828
20828 20829
20829 20830
20830 20839
20839 20840
20840 20843
20843 20845
20845 20846
20846 20847
20847 20850
20850 20851
20851 20853
20853 20854
20854 20855
20855 20860
20860 20862
20862 20865
20865 20867
20867 20868
20868 20869
20869 20877
20877 20877
20877 20879
20879 20880
20880 20883
20883 20884
20884 20885
20885 20887
20887 20891
20891 20919
20919 20922
20922 20923
20923 20924
20924 20927
20927 20932
20932 20935
20935 20935
20935 20936
20936 20937
20937 20944
20944 20953
20953 20956
20956 20958
20958 20983
20983 20985
20985 20993
20993 20995
20995 20997
20997 20999
20999 21001
21001 21003
21003 21004
21004 21005
21005 21007
21007 21010
21010 21013
21013 21014
21014 21032
21032 21033
21033 21035
21035 21038
21038 21039
21039 21048
21048 21049
21049 21051
21051 21053
21053 21056
21056 21086
21086 21095
21095 21098
21098 21106
21106 21110
21110 21113
21113 21117
21117 21118
21118 21119
21119 21129
21129 21130
21130 21132
21132 21133
21133 21135
21135 21136
21136 21138
21138 21145
21145 21146
21146 21149
21149 21151
21151 21152
21152 21159
21159 21160
21160 21162
21162 21165
21165 21171
21171 21181
21181 21182
21182 21187
21187 21194
21194 21195
21195 21196
21196 21197
21197 21198
21198 21281
21281 21284
21284 21286
21286 21289
21289 21290
21290 21296
21296 21298
21298 21298
21298 21299
21299 21304
21304 21305
21305 21309
21309 21310
21310 21315
21315 21316
21316 21317
21317 21317
21317 21317
21317 21318
21318 21321
21321 21324
21324 21327
21327 21329
21329 21462
21462 21464
21464 21465
21465 21473
21473 21476
21476 21479
21479 21487
21487 21490
21490 21496
21496 21497
21497 21582
21582 21588
21588 21595
21595 21596
21596 21597
21597 21598
21598 21598
21598 21599
21599 21752
21752 21753
21753 22181
22181 22182
22182 22186
22186 22187
22187 22191
22191 22244
22244 22245
22245 22246
22246 22247
22247 22248
22248 22250
22250 22256
22256 22286
22286 22287
22287 22288
22288 22303
22303 22305
22305 22307
22307 22313
22313 22314
22314 22317
22317 22319
22319 22320
22320 22322
22322 22324
22324 22330
22330 22332
22332 22342
22342 22343
22343 22350
22350 22353
22353 22357
22357 22363
22363 22367
22367 22369
22369 22377
22377 22383
22383 22388
22388 22393
22393 22394
22394 22400
22400 22401
22401 22404
22404 22406
22406 22406
22406 22407
22407 22415
22415 22419
22419 22421
22421 22422
22422 22423
22423 22424
22424 22426
22426 22429
22429 22433
22433 22439
22439 22441
22441 22443
22443 22444
22444 22444
22444 22444
22444 22444
22444 22444
22444 22462
22462 22466
22466 22468
22468 22469
22469 22476
22476 22479
22479 22482
22482 22484
22484 22485
22485 22488
22488 22490
22490 22490
22490 22493
22493 22499
22499 22501
22501 22502
22502 22503
22503 22532
22532 22541
22541 22543
22543 22548
22548 22549
22549 22551
22551 22552
22552 22554
22554 22557
22557 22559
22559 22561
22561 22567
22567 22568
22568 22572
22572 22572
22572 22574
22574 22577
22577 22580
22580 22581
22581 22582
22582 22584
22584 22585
22585 22587
22587 22587
22587 22651
22651 22654
22654 22676
22676 22677
22677 22680
22680 22683
22683 22684
22684 22688
22688 22719
22719 22720
22720 22721
22721 22725
22725 22727
22727 22730
22730 22732
22732 22737
22737 22738
22738 22742
22742 22745
22745 22747
22747 22748
22748 22750
22750 22751
22751 22769
22769 22771
22771 22794
22794 22813
22813 22816
22816 22822
22822 22823
22823 22845
22845 22846
22846 22847
22847 22849
22849 22854
22854 22876
22876 22877
22877 22878
22878 22882
22882 22883
22883 22884
22884 22898
22898 22902
22902 22903
22903 22904
22904 22906
22906 22908
22908 22912
22912 22914
22914 22920
22920 22923
22923 22925
22925 22927
22927 22938
22938 22939
22939 22942
22942 22944
22944 22946
22946 22950
22950 22953
22953 22954
22954 22955
22955 22964
22964 22966
22966 22967
22967 22968
22968 22969
22969 22972
22972 22978
22978 22979
22979 22981
22981 22984
22984 22989
22989 22990
22990 22996
22996 22997
22997 23024
23024 23027
23027 23028
23028 23032
23032 23037
23037 23038
23038 23039
23039 23040
23040 23041
23041 23042
23042 23045
23045 23055
23055 23062
23062 23063
23063 23064
23064 23066
23066 23067
23067 23068
23068 23069
23069 23070
23070 23096
23096 23097
23097 23101
23101 23102
23102 23109
23109 23112
23112 23113
23113 23177
23177 23178
23178 23179
23179 23182
23182 23184
23184 23195
23195 23199
23199 23201
23201 23202
23202 23202
23202 23203
23203 23205
23205 23207
23207 23208
23208 23209
23209 23218
23218 23220
23220 23226
23226 23227
23227 23229
23229 23231
23231 23250
23250 23268
23268 23271
23271 23275
23275 23277
23277 23289
23289 23290
23290 23310
23310 23311
23311 23312
23312 23313
23313 23315
23315 23317
23317 23317
23317 23321
23321 23327
23327 23330
23330 23332
23332 23337
23337 23340
23340 23351
23351 23353
23353 23355
23355 23357
23357 23360
23360 23365
23365 23366
23366 23376
23376 23435
23435 23437
23437 23451
23451 23453
23453 23459
23459 23461
23461 23463
23463 23468
23468 23469
23469 23470
23470 23471
23471 23476
23476 23479
23479 23480
23480 23482
23482 23483
23483 23483
23483 23485
23485 23486
23486 23488
23488 23489
23489 23491
23491 23491
23491 23492
23492 23498
23498 23499
23499 23501
23501 23502
23502 23506
23506 23506
23506 23507
23507 23510
23510 23511
23511 23513
23513 23522
23522 23523
23523 23649
23649 23663
23663 23672
23672 23674
23674 23675
23675 23676
23676 23685
23685 23687
23687 23688
23688 23689
23689 23691
23691 23692
23692 23693
23693 23709
23709 23719
23719 23729
23729 23731
23731 23734
23734 23735
23735 23736
23736 23736
23736 23737
23737 23739
23739 23740
23740 23740
23740 23741
23741 23742
23742 23744
23744 23762
23762 23763
23763 23765
23765 23821
23821 23823
23823 23826
23826 23827
23827 23828
23828 23833
23833 23834
23834 23835
23835 23838
23838 23839
23839 23840
23840 23841
23841 23842
23842 23844
23844 23847
23847 23848
23848 23854
23854 23855
23855 23856
23856 23858
23858 23859
23859 23890
23890 23900
23900 23908
23908 23908
23908 23915
23915 23920
23920 23926
23926 23928
23928 23929
23929 23930
23930 23931
23931 23935
23935 23936
23936 23967
23967 23982
23982 23985
23985 23990
23990 23991
23991 24067
24067 24067
24067 24080
24080 24082
24082 24083
24083 24083
24083 24091
24091 24093
24093 24094
24094 24096
24096 24097
24097 24106
24106 24107
24107 24109
24109 24112
24112 24115
24115 24116
24116 24121
24121 24123
24123 24130
24130 24136
24136 24137
24137 24138
24138 24173
24173 24181
24181 24182
24182 24188
24188 24189
24189 24190
24190 24194
24194 24195
24195 24196
24196 24197
24197 24200
24200 24201
24201 24202
24202 24203
24203 24204
24204 24207
24207 24213
24213 24214
24214 24216
24216 24217
24217 24219
24219 24220
24220 24221
24221 24222
24222 24223
24223 24224
24224 24227
24227 24227
24227 24229
24229 24231
24231 24232
24232 24233
24233 24235
24235 24236
24236 24238
24238 24241
24241 24243
24243 24245
24245 24265
24265 24273
24273 24274
24274 24275
24275 24276
24276 24277
24277 24279
24279 24282
24282 24283
24283 24284
24284 24285
24285 24286
24286 24336
24336 24337
24337 24339
24339 24340
24340 24343
24343 24354
24354 24358
24358 24384
24384 24384
24384 24384
24384 24387
24387 24389
24389 24390
24390 24391
24391 24392
24392 24393
24393 24394
24394 24395
24395 24405
24405 24410
24410 24413
24413 24415
24415 24416
24416 24417
24417 24420
24420 24421
24421 24637
24637 24638
24638 24647
24647 24648
24648 24649
24649 24650
24650 24651
24651 24654
24654 24656
24656 24672
24672 24682
24682 24683
24683 24686
24686 24687
24687 24688
24688 24689
24689 24689
24689 24696
24696 24697
24697 24699
24699 24702
24702 24703
24703 24713
24713 24714
24714 24715
24715 24716
24716 24716
24716 24740
24740 24742
24742 24743
24743 24749
24749 24751
24751 24752
24752 24752
24752 24753
24753 24755
24755 24756
24756 24758
24758 24759
24759 24761
24761 24762
24762 24763
24763 24764
24764 24765
24765 24766
24766 24767
24767 24774
24774 24776
24776 24778
24778 24787
24787 24789
24789 24790
24790 24790
24790 24794
24794 24796
24796 24797
24797 24799
24799 24804
24804 24810
24810 24824
24824 24827
24827 24834
24834 24837
24837 24839
24839 24840
24840 24841
24841 24843
24843 24845
24845 24856
24856 24857
24857 24858
24858 24860
24860 24870
24870 24874
24874 24875
24875 24878
24878 24879
24879 24880
24880 24885
24885 24886
24886 24886
24886 24887
24887 24890
24890 24891
24891 24939
24939 24941
24941 24944
24944 24945
24945 24967
24967 24968
24968 24969
24969 24971
24971 24972
24972 24986
24986 24987
24987 24989
24989 24993
24993 24993
24993 25005
25005 25006
25006 25007
25007 25021
25021 25022
25022 25041
25041 25042
25042 25044
25044 25048
25048 25053
25053 25054
25054 25055
25055 25056
25056 25062
25062 25063
25063 25067
25067 25069
25069 25070
25070 25074
25074 25078
25078 25081
25081 25084
25084 25085
25085 25088
25088 25090
25090 25092
25092 25095
25095 25128
25128 25130
25130 25132
25132 25133
25133 25135
25135 25137
25137 25138
25138 25139
25139 25140
25140 25143
25143 25150
25150 25156
25156 25157
25157 25160
25160 25162
25162 25171
25171 25179
25179 25180
25180 25181
25181 25183
25183 25184
25184 25186
25186 25187
25187 25189
25189 25190
25190 25191
25191 25192
25192 25195
25195 25196
25196 25199
25199 25205
25205 25206
25206 25209
25209 25210
25210 25211
25211 25212
25212 25215
25215 25216
25216 25219
25219 25223
25223 25225
25225 25227
25227 25229
25229 25230
25230 25231
25231 25232
25232 25233
25233 25235
25235 25236
25236 25237
25237 25238
25238 25239
25239 25244
25244 25245
25245 25247
25247 25249
25249 25250
25250 25254
25254 25256
25256 25267
25267 25277
25277 25279
25279 25299
25299 25301
25301 25306
25306 25307
25307 25310
25310 25311
25311 25312
25312 25319
25319 25328
25328 25330
25330 25331
25331 25332
25332 25334
25334 25335
25335 25346
25346 25348
25348 25350
25350 25352
25352 25353
25353 25356
25356 25361
25361 25363
25363 25364
25364 25408
25408 25411
25411 25415
25415 25417
25417 25424
25424 25425
25425 25428
25428 25443
25443 25445
25445 25447
25447 25451
25451 25452
25452 25455
25455 25456
25456 25458
25458 25459
25459 25463
25463 25464
25464 25465
25465 25513
25513 25514
25514 25516
25516 25516
25516 25516
25516 25516
25516 25530
25530 25531
25531 25539
25539 25541
25541 25545
25545 25548
25548 25553
25553 25555
25555 25557
25557 25560
25560 25566
25566 25566
25566 25569
25569 25569
25569 25570
25570 25571
25571 25574
25574 25575
25575 25581
25581 25582
25582 25589
25589 25590
25590 25591
25591 25593
25593 25602
25602 25606
25606 25607
25607 25611
25611 25612
25612 25613
25613 25614
25614 25614
25614 25625
25625 25630
25630 25632
25632 25633
25633 25642
25642 25642
25642 25643
25643 25644
25644 25647
25647 25652
25652 25658
25658 25659
25659 25660
25660 25664
25664 25665
25665 25666
25666 25667
25667 25669
25669 25675
25675 25676
25676 25677
25677 25678
25678 25680
25680 25681
25681 25681
25681 25681
25681 25682
25682 25685
25685 25686
25686 25687
25687 25689
25689 25690
25690 25692
25692 25694
25694 25695
25695 25698
25698 25700
25700 25702
25702 25703
25703 25707
25707 25736
25736 25737
25737 25738
25738 25741
25741 25744
25744 25747
25747 25751
25751 25753
25753 25851
25851 25902
25902 25907
25907 25910
25910 25913
25913 25914
25914 25916
25916 25920
25920 25921
25921 25927
25927 25931
25931 25970
25970 25971
25971 25972
25972 25973
25973 25989
25989 25991
25991 25992
25992 25992
25992 25994
25994 25994
25994 25998
25998 26006
26006 26007
26007 26008
26008 26010
26010 26011
26011 26016
26016 26017
26017 26019
26019 26020
26020 26021
26021 26024
26024 26026
26026 26027
26027 26038
26038 26043
26043 26050
26050 26051
26051 26053
26053 26055
26055 26057
26057 26058
26058 26060
26060 26061
26061 26068
26068 26069
26069 26076
26076 26079
26079 26080
26080 26082
26082 26085
26085 26130
26130 26137
26137 26138
26138 26143
26143 26147
26147 26148
26148 26150
26150 26171
26171 26173
26173 26176
26176 26180
26180 26184
26184 26196
26196 26198
26198 26201
26201 26204
26204 26206
26206 26207
26207 26210
26210 26213
26213 26217
26217 26218
26218 26220
26220 26221
26221 26222
26222 26229
26229 26235
26235 26236
26236 26240
26240 26241
26241 26247
26247 26248
26248 26249
26249 26253
26253 26283
26283 26291
26291 26294
26294 26295
26295 26301
26301 26303
26303 26304
26304 26337
26337 26347
26347 26350
26350 26360
26360 26362
26362 26363
26363 26364
26364 26366
26366 26368
26368 26382
26382 26384
26384 26385
26385 26392
26392 26394
26394 26396
26396 26397
26397 26397
26397 26400
26400 26403
26403 26406
26406 26408
26408 26413
26413 26415
26415 26417
26417 26420
26420 26422
26422 26424
26424 26441
26441 26441
26441 26474
26474 26475
26475 26478
26478 26485
26485 26486
26486 26487
26487 26489
26489 26539
26539 26540
26540 26549
26549 26555
26555 26557
26557 26560
26560 26562
26562 26563
26563 26564
26564 26565
26565 26567
26567 26568
26568 26570
26570 26577
26577 26579
26579 26589
26589 26590
26590 26593
26593 26597
26597 26600
26600 26601
26601 26614
26614 26615
26615 26619
26619 26620
26620 26623
26623 26624
26624 26626
26626 26627
26627 26628
26628 26629
26629 26632
26632 26636
26636 26647
26647 26648
26648 26649
26649 26650
26650 26653
26653 26654
26654 26655
26655 26657
26657 26658
26658 26663
26663 26671
26671 26672
26672 26680
26680 26681
26681 26684
26684 26687
26687 26688
26688 26692
26692 26693
26693 26696
26696 26697
26697 26698
26698 26699
26699 26704
26704 26705
26705 26706
26706 26707
26707 26710
26710 26747
26747 26748
26748 26749
26749 26751
26751 26754
26754 26764
26764 26765
26765 26782
26782 26787
26787 26789
26789 26790
26790 26821
26821 26822
26822 26833
26833 26834
26834 26835
26835 26837
26837 26849
26849 26851
26851 26853
26853 26854
26854 26856
26856 26858
26858 26863
26863 26907
26907 26917
26917 26919
26919 26921
26921 26960
26960 26962
26962 26962
26962 26963
26963 26964
26964 26965
26965 26966
26966 26968
26968 26972
26972 26974
26974 26975
26975 26977
26977 26978
26978 26980
26980 26985
26985 27008
27008 27010
27010 27011
27011 27012
27012 27013
27013 27014
27014 27015
27015 27016
27016 27017
27017 27018
27018 27019
27019 27021
27021 27024
27024 27027
27027 27048
27048 27049
27049 27054
27054 27055
27055 27056
27056 27057
27057 27058
27058 27059
27059 27060
27060 27109
27109 27112
27112 27113
27113 27114
27114 27166
27166 27167
27167 27168
27168 27169
27169 27170
27170 27175
27175 27188
27188 27189
27189 27190
27190 27192
27192 27249
27249 27353
27353 27355
27355 27359
27359 27360
27360 27429
27429 27437
27437 27447
27447 27462
27462 27466
27466 27467
27467 27468
27468 27472
27472 27510
27510 27511
27511 27513
27513 27515
27515 27517
27517 27518
27518 27519
27519 27527
27527 27661
27661 27664
27664 27665
27665 27678
27678 27697
27697 27699
27699 27701
27701 27702
27702 27703
27703 27723
27723 27728
27728 27729
27729 27736
27736 27737
27737 27739
27739 27754
27754 27755
27755 27756
27756 27757
27757 27758
27758 27759
27759 27767
27767 27774
27774 27776
27776 27783
27783 27790
27790 27792
27792 27793
27793 27794
27794 27800
27800 27804
27804 27816
27816 27821
27821 27824
27824 27828
27828 27829
27829 27830
27830 27831
27831 27832
27832 27833
27833 27840
27840 27841
27841 27842
27842 27843
27843 27871
27871 27872
27872 27876
27876 27878
27878 27878
27878 27878
27878 27878
27878 27878
27878 27878
27878 27878
27878 27878
27878 27878
27878 27878
27878 27879
27879 27881
27881 27884
27884 27887
27887 27889
27889 27895
27895 27899
27899 27901
27901 27908
27908 27949
27949 27950
27950 27953
27953 27954
27954 27957
27957 27967
27967 27968
27968 27975
27975 27975
27975 27980
27980 27982
27982 28004
28004 28006
28006 28008
28008 28009
28009 28010
28010 28011
28011 28013
28013 28015
28015 28023
28023 28133
28133 28135
28135 28142
28142 28145
28145 28146
28146 28147
28147 28148
28148 28149
28149 28150
28150 28153
28153 28154
28154 28208
28208 28210
28210 28213
28213 28220
28220 28223
28223 28228
28228 28232
28232 28233
28233 28235
28235 28256
28256 28261
28261 28267
28267 28269
28269 28270
28270 28285
28285 28287
28287 28288
28288 28291
28291 28292
28292 28293
28293 28294
28294 28296
28296 28298
28298 28300
28300 28311
28311 28313
28313 28315
28315 28316
28316 28317
28317 28321
28321 28322
28322 28323
28323 28325
28325 28330
28330 28331
28331 28333
28333 28334
28334 28339
28339 28340
28340 28341
28341 28412
28412 28415
28415 28445
28445 28446
28446 28447
28447 28448
28448 28452
28452 28453
28453 28461
28461 28463
28463 28463
28463 28464
28464 28474
28474 28475
28475 28498
28498 28503
28503 28504
28504 28505
28505 28612
28612 28618
28618 28621
28621 28622
28622 28623
28623 28631
28631 28633
28633 28671
28671 28699
28699 28700
28700 28701
28701 28702
28702 28703
28703 28711
28711 28712
28712 28713
28713 28714
28714 28715
28715 28718
28718 28790
28790 28792
28792 28796
28796 28811
28811 28811
28811 28815
28815 28824
28824 28827
28827 28830
28830 28832
28832 28843
28843 28844
28844 28845
28845 28846
28846 28847
28847 28848
28848 28849
28849 28850
28850 28851
28851 28852
28852 28853
28853 28854
28854 28855
28855 28856
28856 28857
28857 28858
28858 28863
28863 28864
28864 28865
28865 28866
28866 28868
28868 28874
28874 28874
28874 28875
28875 28877
28877 28882
28882 28883
28883 28910
28910 28911
28911 28912
28912 28913
28913 28923
28923 28933
28933 28943
28943 28944
28944 28945
28945 28946
28946 28957
28957 28958
28958 28963
28963 28968
28968 28970
28970 28972
28972 28972
28972 28975
28975 28977
28977 28978
28978 28979
28979 28981
28981 28983
28983 28985
28985 28991
28991 28994
28994 28996
28996 29014
29014 29017
29017 29018
29018 29019
29019 29023
29023 29024
29024 29032
29032 29033
29033 29034
29034 29035
29035 29037
29037 29038
29038 29040
29040 29044
29044 29045
29045 29202
29202 29203
29203 29204
29204 29205
29205 29208
29208 29209
29209 29213
29213 29214
29214 29229
29229 29234
29234 29235
29235 29236
29236 29238
29238 29239
29239 29243
29243 29247
29247 29249
29249 29255
29255 29256
29256 29284
29284 29285
29285 29286
29286 29292
29292 29301
29301 29302
29302 29305
29305 29306
29306 29308
29308 29309
29309 29310
29310 29312
29312 29314
29314 29316
29316 29317
29317 29318
29318 29320
29320 29322
29322 29323
29323 29326
29326 29327
29327 29329
29329 29332
29332 29333
29333 29335
29335 29336
29336 29337
29337 29338
29338 29340
29340 29341
29341 29342
29342 29344
29344 29345
29345 29346
29346 29347
29347 29348
29348 29349
29349 29350
29350 29351
29351 29352
29352 29353
29353 29357
29357 29364
29364 29365
29365 29366
29366 29372
29372 29373
29373 29375
29375 29375
29375 29376
29376 29377
29377 29389
29389 29392
29392 29393
29393 29396
29396 29398
29398 29399
29399 29408
29408 29410
29410 29413
29413 29414
29414 29416
29416 29418
29418 29419
29419 29420
29420 29421
29421 29422
29422 29426
29426 29430
29430 29431
29431 29431
29431 29433
29433 29434
29434 29435
29435 29437
29437 29441
29441 29450
29450 29451
29451 29452
29452 29453
29453 29454
29454 29455
29455 29456
29456 29457
29457 29462
29462 29481
29481 29485
29485 29487
29487 29488
29488 29497
29497 29520
29520 29551
29551 29552
29552 29553
29553 29561
29561 29562
29562 29567
29567 29574
29574 29576
29576 29577
29577 29580
29580 29581
29581 29582
29582 29591
29591 29592
29592 29594
29594 29596
29596 29599
29599 29606
29606 29619
29619 29621
29621 29621
29621 29623
29623 29628
29628 29629
29629 29630
29630 29631
29631 29632
29632 29684
29684 29687
29687 29688
29688 29689
29689 29690
29690 29692
29692 29693
29693 29695
29695 29698
29698 29699
29699 29700
29700 29702
29702 29703
29703 29705
29705 29707
29707 29711
29711 29712
29712 29713
29713 29715
29715 29716
29716 29739
29739 29743
29743 29744
29744 29745
29745 29752
29752 29753
29753 29754
29754 29755
29755 29763
29763 29766
29766 29767
29767 29769
29769 29780
29780 29781
29781 29787
29787 29787
29787 29788
29788 29793
29793 29796
29796 29798
29798 29799
29799 29800
29800 29806
29806 30017
30017 30025
30025 30026
30026 30028
30028 30029
30029 30033
30033 30036
30036 30050
30050 30051
30051 30052
30052 30054
30054 30055
30055 30057
30057 30060
30060 30077
30077 30107
30107 30112
30112 30113
30113 30322
30322 30335
30335 30339
30339 30346
30346 30348
30348 30352
30352 30353
30353 30354
30354 30373
30373 30374
30374 30377
30377 30378
30378 30398
30398 30399
30399 30400
30400 30401
30401 30402
30402 30405
30405 30408
30408 30412
30412 30414
30414 30416
30416 30420
30420 30429
30429 30430
30430 30435
30435 30436
30436 30437
30437 30447
30447 30449
30449 30467
30467 30469
30469 30482
30482 30483
30483 30484
30484 30485
30485 30486
30486 30487
30487 30497
30497 30499
30499 30501
30501 30502
30502 30506
30506 30518
30518 30521
30521 30522
30522 30523
30523 30524
30524 30525
30525 30526
30526 30527
30527 30528
30528 30531
30531 30534
30534 30564
30564 30571
30571 30572
30572 30577
30577 30580
30580 30582
30582 30583
30583 30588
30588 30588
30588 30600
30600 30604
30604 30606
30606 30611
30611 30613
30613 30616
30616 30622
30622 30625
30625 30626
30626 30632
30632 30654
30654 30674
30674 30683
30683 30684
30684 30689
30689 30693
30693 30695
30695 30869
30869 30870
30870 30871
30871 30872
30872 30880
30880 30883
30883 30889
30889 30890
30890 30891
30891 30894
30894 30899
30899 30926
30926 30930
30930 30931
30931 30966
30966 30968
30968 30969
30969 30970
30970 30971
30971 30972
30972 30973
30973 30974
30974 30978
30978 30979
30979 30980
30980 30981
30981 31007
31007 31044
31044 31047
31047 31049
31049 31050
31050 31051
31051 31083
31083 31084
31084 31085
31085 31091
31091 31091
31091 31099
31099 31099
31099 31099
31099 31100
31100 31103
31103 31104
31104 31109
31109 31121
31121 31122
31122 31134
31134 31137
31137 31143
31143 31148
31148 31149
31149 31150
31150 31151
31151 31151
31151 31152
31152 31153
31153 31154
31154 31156
31156 31157
31157 31160
31160 31161
31161 31163
31163 31164
31164 31173
31173 31177
31177 31179
31179 31182
31182 31199
31199 31210
31210 31212
31212 31214
31214 31258
31258 31261
31261 31286
31286 31287
31287 31288
31288 31289
31289 31290
31290 31291
31291 31304
31304 31305
31305 31306
31306 31307
31307 31311
31311 31312
31312 31313
31313 31314
31314 31323
31323 31328
31328 31340
31340 31342
31342 31343
31343 31346
31346 31386
31386 31387
31387 31388
31388 31390
31390 31396
31396 31397
31397 31399
31399 31401
31401 31406
31406 31409
31409 31411
31411 31413
31413 31414
31414 31417
31417 31425
31425 31427
31427 31429
31429 31430
31430 31430
31430 31433
31433 31437
31437 31479
31479 31480
31480 31480
31480 31482
31482 31491
31491 31493
31493 31494
31494 31495
31495 31498
31498 31502
31502 31506
31506 31509
31509 31511
31511 31523
31523 31526
31526 31530
31530 31531
31531 31535
31535 31546
31546 31547
31547 31555
31555 31556
31556 31558
31558 31559
31559 31560
31560 31565
31565 31567
31567 31568
31568 31570
31570 31571
31571 31573
31573 31573
31573 31577
31577 31631
31631 31656
31656 31659
31659 31660
31660 31661
31661 31661
31661 31663
31663 31664
31664 31665
31665 31668
31668 31669
31669 31670
31670 31682
31682 31685
31685 31689
31689 31690
31690 31699
31699 31700
31700 31701
31701 31703
31703 31704
31704 31707
31707 31710
31710 31716
31716 31720
31720 31722
31722 31742
31742 31743
31743 31744
31744 31747
31747 31748
31748 31749
31749 31750
31750 31751
31751 31752
31752 31753
31753 31756
31756 31757
31757 31758
31758 31760
31760 31764
31764 31766
31766 31767
31767 31769
31769 31777
31777 31781
31781 31782
31782 31783
31783 31784
31784 31786
31786 31792
31792 31793
31793 31800
31800 31809
31809 31810
31810 31810
31810 31814
31814 31815
31815 31816
31816 31819
31819 31820
31820 31821
31821 31860
31860 31860
31860 31860
31860 31861
31861 31865
31865 31867
31867 31870
31870 31872
31872 31873
31873 31883
31883 31884
31884 31908
31908 31909
31909 31910
31910 31913
31913 31960
31960 31960
31960 31969
31969 31970
31970 31974
31974 31978
31978 31985
31985 31986
31986 31987
31987 31988
31988 31997
31997 32002
32002 32014
32014 32057
32057 32058
32058 32070
32070 32073
32073 32073
32073 32075
32075 32078
32078 32081
32081 32085
32085 32087
32087 32088
32088 32093
32093 32093
32093 32094
32094 32101
32101 32102
32102 32104
32104 32106
32106 32106
32106 32110
32110 32111
32111 32140
32140 32142
32142 32142
32142 32144
32144 32144
32144 32147
32147 32148
32148 32230
32230 32233
32233 32236
32236 32236
32236 32239
32239 32253
32253 32259
32259 32273
32273 32276
32276 32277
32277 32314
32314 32315
32315 32316
32316 32317
32317 32320
32320 32325
32325 32326
32326 32327
32327 32328
32328 32330
32330 32332
32332 32341
32341 32342
32342 32343
32343 32346
32346 32347
32347 32354
32354 32356
32356 32370
32370 32371
32371 32374
32374 32382
32382 32387
32387 32390
32390 32393
32393 32395
32395 32403
32403 32405
32405 32410
32410 32411
32411 32413
32413 32414
32414 32417
32417 32418
32418 32428
32428 32430
32430 32442
32442 32452
32452 32453
32453 32455
32455 32457
32457 32461
32461 32462
32462 32464
32464 32465
32465 32466
32466 32467
32467 32473
32473 32477
32477 32478
32478 32556
32556 32558
32558 32563
32563 32564
32564 32564
32564 32565
32565 32566
32566 32569
32569 32570
32570 32575
32575 32576
32576 32577
32577 32638
32638 32640
32640 32642
32642 32655
32655 32656
32656 32657
32657 32660
32660 32665
32665 32667
32667 32671
32671 32673
32673 32677
32677 32683
32683 32684
32684 32689
32689 32756
32756 32763
32763 32764
32764 32765
32765 32766
32766 32779
32779 32780
32780 32781
32781 32782
32782 32783
32783 32786
32786 32787
32787 32796
32796 32799
32799 32802
32802 32805
32805 32807
32807 32816
32816 32830
32830 32841
32841 32842
32842 32844
32844 32845
32845 32849
32849 32858
32858 32861
32861 32869
32869 32878
32878 32880
32880 32890
32890 32900
32900 32910
32910 32920
32920 32930
32930 32949
32949 32955
32955 32956
32956 32967
32967 32969
32969 32978
32978 32979
32979 32980
32980 32980
32980 32988
32988 33062
33062 33063
33063 33064
33064 33066
33066 33070
33070 33073
33073 33074
33074 33077
33077 33079
33079 33081
33081 33081
33081 33082
33082 33082
33082 33099
33099 33101
33101 33105
33105 33116
33116 33118
33118 33120
33120 33121
33121 33124
33124 33133
33133 33136
33136 33137
33137 33140
33140 33155
33155 33156
33156 33159
33159 33160
33160 33160
33160 33161
33161 33161
33161 33162
33162 33163
33163 33165
33165 33166
33166 33171
33171 33177
33177 33179
33179 33181
33181 33181
33181 33183
33183 33184
33184 33185
33185 33185
33185 33186
33186 33196
33196 33197
33197 33199
33199 33202
33202 33203
33203 33205
33205 33208
33208 33209
33209 33212
33212 33219
33219 33220
33220 33224
33224 33225
33225 33225
33225 33229
33229 33230
33230 33231
33231 33240
33240 33241
33241 33243
33243 33249
33249 33250
33250 33252
33252 33255
33255 33259
33259 33260
33260 33261
33261 33267
33267 33270
33270 33314
33314 33315
33315 33316
33316 33317
33317 33318
33318 33324
33324 33325
33325 33326
33326 33327
33327 33328
33328 33330
33330 33331
33331 33332
33332 33333
33333 33334
33334 33335
33335 33337
33337 33338
33338 33340
33340 33341
33341 33342
33342 33344
33344 33345
33345 33346
33346 33347
33347 33349
33349 33350
33350 33351
33351 33354
33354 33355
33355 33356
33356 33357
33357 33358
33358 33359
33359 33360
33360 33361
33361 33362
33362 33363
33363 33364
33364 33365
33365 33369
33369 33370
33370 33371
33371 33372
33372 33373
33373 33376
33376 33377
33377 33378
33378 33379
33379 33380
33380 33381
33381 33382
33382 33404
33404 33417
33417 33418
33418 33420
33420 33425
33425 33427
33427 33427
33427 33428
33428 33429
33429 33435
33435 33436
33436 33437
33437 33438
33438 33439
33439 33444
33444 33445
33445 33446
33446 33447
33447 33448
33448 33449
33449 33450
33450 33451
33451 33453
33453 33454
33454 33461
33461 33462
33462 33465
33465 33469
33469 33470
33470 33471
33471 33472
33472 33473
33473 33475
33475 33478
33478 33480
33480 33481
33481 33489
33489 33491
33491 33495
33495 33495
33495 33497
33497 33555
33555 33556
33556 33557
33557 33558
33558 33560
33560 33567
33567 33570
33570 33584
33584 33585
33585 33585
33585 33592
33592 33593
33593 33594
33594 33596
33596 33597
33597 33598
33598 33604
33604 33614
33614 33614
33614 33615
33615 33618
33618 33622
33622 33623
33623 33630
33630 33640
33640 33642
33642 33644
33644 33649
33649 33655
33655 33656
33656 33659
33659 33660
33660 33661
33661 33663
33663 33663
33663 33665
33665 33665
33665 33666
33666 33667
33667 33668
33668 33697
33697 33724
33724 33725
33725 33726
33726 33727
33727 33728
33728 33729
33729 33732
33732 33734
33734 33736
33736 33739
33739 33746
33746 33764
33764 33764
33764 33765
33765 33769
33769 33771
33771 33788
33788 33789
33789 33791
33791 33807
33807 33808
33808 33809
33809 33811
33811 33818
33818 33825
33825 33836
33836 33837
33837 33837
33837 33837
33837 33838
33838 33839
33839 33840
33840 33842
33842 33844
33844 33845
33845 33851
33851 33852
33852 33852
33852 33852
33852 33852
33852 33852
33852 33852
33852 33852
33852 33854
33854 33859
33859 33860
33860 33863
33863 33866
33866 33868
33868 33900
33900 33906
33906 33907
33907 33909
33909 33942
33942 33943
33943 33948
33948 33950
33950 33951
33951 33953
33953 33955
33955 33958
33958 33960
33960 33962
33962 33964
33964 33965
33965 33975
33975 33980
33980 33981
33981 33983
33983 33984
33984 33986
33986 33987
33987 33991
33991 33992
33992 33993
33993 33994
33994 33996
33996 33997
33997 33998
33998 34000
34000 34001
34001 34002
34002 34003
34003 34005
34005 34011
34011 34013
34013 34014
34014 34017
34017 34018
34018 34019
34019 34020
34020 34022
34022 34023
34023 34029
34029 34030
34030 34031
34031 34032
34032 34036
34036 34040
34040 34041
34041 34042
34042 34044
34044 34045
34045 34046
34046 34047
34047 34048
34048 34049
34049 34050
34050 34053
34053 34054
34054 34055
34055 34057
34057 34066
34066 34067
34067 34068
34068 34073
34073 34077
34077 34080
34080 34081
34081 34083
34083 34090
34090 34092
34092 34093
34093 34106
34106 34107
34107 34112
34112 34116
34116 34119
34119 34120
34120 34122
34122 34122
34122 34123
34123 34124
34124 34126
34126 34127
34127 34131
34131 34132
34132 34135
34135 34136
34136 34139
34139 34140
34140 34141
34141 34143
34143 34146
34146 34169
34169 34170
34170 34171
34171 34172
34172 34173
34173 34174
34174 34177
34177 34178
34178 34184
34184 34185
34185 34207
34207 34212
34212 34213
34213 34216
34216 34234
34234 34239
34239 34242
34242 34243
34243 34244
34244 34246
34246 34247
34247 34248
34248 34250
34250 34252
34252 34253
34253 34253
34253 34258
34258 34259
34259 34260
34260 34261
34261 34264
34264 34267
34267 34271
34271 34272
34272 34273
34273 34274
34274 34275
34275 34277
34277 34278
34278 34280
34280 34281
34281 34285
34285 34285
34285 34286
34286 34287
34287 34291
34291 34292
34292 34293
34293 34293
34293 34294
34294 34300
34300 34307
34307 34313
34313 34319
34319 34325
34325 34331
34331 34337
34337 34343
34343 34346
34346 34348
34348 34354
34354 34356
34356 34356
34356 34357
34357 34361
34361 34363
34363 34363
34363 34363
34363 34364
34364 34365
34365 34369
34369 34370
34370 34371
34371 34373
34373 34374
34374 34375
34375 34376
34376 34377
34377 34379
34379 34381
34381 34382
34382 34383
34383 34385
34385 34387
34387 34388
34388 34416
34416 34417
34417 34421
34421 34422
34422 34423
34423 34423
34423 34423
34423 34423
34423 34423
34423 34423
34423 34423
34423 34423
34423 34423
34423 34426
34426 34427
34427 34427
34427 34429
34429 34431
34431 34433
34433 34434
34434 34436
34436 34437
34437 34443
34443 34444
34444 34445
34445 34446
34446 34447
34447 34448
34448 34453
34453 34454
34454 34455
34455 34456
34456 34457
34457 34458
34458 34459
34459 34460
34460 34462
34462 34469
34469 34470
34470 34472
34472 34474
34474 34477
34477 34479
34479 34480
34480 34487
34487 34487
34487 34487
34487 34487
34487 34487
34487 34487
34487 34487
34487 34487
34487 34491
34491 34493
34493 34507
34507 34508
34508 34508
34508 34508
34508 34508
34508 34509
34509 34510
34510 34510
34510 34511
34511 34511
34511 34511
34511 34511
34511 34511
34511 34511
34511 34511
34511 34511
34511 34511
34511 34511
34511 34511
34511 34511
34511 34511
34511 34519
34519 34519
34519 34519
34519 34520
34520 34521
34521 34526
34526 34526
34526 34526
34526 34527
34527 34528
34528 34528
34528 34533
34533 34534
34534 34534
34534 34534
34534 34534
34534 34534
34534 34535
34535 34536
34536 34539
34539 34539
34539 34543
34543 34545
34545 34547
34547 34547
34547 34549
34549 34551
34551 34553
34553 34554
34554 34555
34555 34555
34555 34557
34557 34557
34557 34558
34558 34558
34558 34558
34558 34559
34559 34565
34565 34566
34566 34566
34566 34568
34568 34569
34569 34569
34569 34571
34571 34572
34572 34572
34572 34572
34572 34572
34572 34577
34577 34577
34577 34578
34578 34593
34593 34593
34593 34599
34599 34599
34599 34599
34599 34602
34602 34604
34604 34606
34606 34608
34608 34608
34608 34610
34610 34611
34611 34681
34681 34682
34682 34686
34686 34686
34686 34687
34687 34689
34689 34690
34690 34691
34691 34692
34692 34693
34693 34700
34700 34702
34702 34717
34717 34718
34718 34719
34719 34732
34732 34733
34733 34735
34735 34737
34737 34738
34738 34740
34740 34741
34741 34741
34741 34743
34743 34744
34744 34745
34745 34746
34746 34749
34749 34750
34750 34756
34756 34756
34756 34757
34757 34758
34758 34758
34758 34759
34759 34762
34762 34762
34762 34762
34762 34763
34763 34764
34764 34772
34772 34772
34772 34773
34773 34774
34774 34775
34775 34775
34775 34782
34782 34782
34782 34782
34782 34783
34783 34783
34783 34786
34786 34787
34787 34788
34788 34794
34794 34794
34794 34801
34801 34804
34804 34808
34808 34812
34812 34812
34812 34812
34812 34813
34813 34813
34813 34813
34813 34813
34813 34821
34821 34822
34822 34823
34823 34824
34824 34827
34827 34831
34831 34831
34831 34831
34831 34833
34833 34840
34840 34844
34844 34844
34844 34844
34844 34845
34845 34846
34846 34846
34846 34846
34846 34846
34846 34846
34846 34846
34846 34846
34846 34846
34846 34846
34846 34846
34846 34846
34846 34846
34846 34846
34846 34846
34846 34846
34846 34846
34846 34846
34846 34848
34848 34848
34848 34848
34848 34848
34848 34848
34848 34848
34848 34850
34850 34853
34853 34853
34853 34854
34854 34854
34854 34854
34854 34855
34855 34858
34858 34868
34868 34868
34868 34869
34869 34894
34894 34895
34895 34895
34895 34927
34927 34929
34929 34931
34931 34934
34934 34934
34934 34948
34948 34948
34948 34949
34949 34951
34951 34953
34953 34956
34956 34956
34956 34956
34956 34956
34956 34956
34956 34956
34956 34956
34956 34956
34956 34956
34956 34956
34956 34956
34956 34956
34956 34956
34956 34956
34956 34957
34957 34960
34960 34966
34966 34966
34966 34966
34966 34966
34966 34966
34966 34966
34966 34968
34968 34968
34968 34968
34968 34969
34969 34969
34969 34969
34969 34970
34970 34975
34975 34979
34979 34979
34979 34980
34980 34981
34981 34981
34981 34981
34981 34981
34981 34983
34983 34983
34983 34983
34983 34983
34983 35007
35007 35018
35018 35019
35019 35020
35020 35027
35027 35028
35028 35030
35030 35033
35033 35034
35034 35036
35036 35037
35037 35039
35039 35040
35040 35042
35042 35043
35043 35044
35044 35045
35045 35047
35047 35050
35050 35052
35052 35052
35052 35052
35052 35056
35056 35057
35057 35059
35059 35061
35061 35062
35062 35062
35062 35063
35063 35064
35064 35065
35065 35069
35069 35082
35082 35084
35084 35088
35088 35095
35095 35096
35096 35097
35097 35098
35098 35099
35099 35099
35099 35100
35100 35122
35122 35123
35123 35123
35123 35124
35124 35124
35124 35125
35125 35126
35126 35141
35141 35149
35149 35150
35150 35154
35154 35154
35154 35154
35154 35154
35154 35175
35175 35176
35176 35179
35179 35184
35184 35184
35184 35185
35185 35187
35187 35188
35188 35189
35189 35220
35220 35221
35221 35225
35225 35226
35226 35232
35232 35240
35240 35240
35240 35246
35246 35249
35249 35251
35251 35256
35256 35268
35268 35294
35294 35295
35295 35296
35296 35296
35296 35297
35297 35298
35298 35298
35298 35300
35300 35301
35301 35302
35302 35305
35305 35306
35306 35307
35307 35308
35308 35309
35309 35310
35310 35311
35311 35312
35312 35313
35313 35317
35317 35318
35318 35319
35319 35321
35321 35322
35322 35359
35359 35389
35389 35396
35396 35397
35397 35397
35397 35399
35399 35408
35408 35411
35411 35412
35412 35413
35413 35414
35414 35415
35415 35418
35418 35425
35425 35447
35447 35451
35451 35454
35454 35463
35463 35465
35465 35466
35466 35469
35469 35469
35469 35469
35469 35471
35471 35474
35474 35475
35475 35476
35476 35481
35481 35486
35486 35496
35496 35497
35497 35498
35498 35503
35503 35503
35503 35530
35530 35530
35530 35531
35531 35531
35531 35535
35535 35539
35539 35541
35541 35545
35545 35547
35547 35549
35549 35551
35551 35552
35552 35553
35553 35563
35563 35564
35564 35564
35564 35565
35565 35566
35566 35567
35567 35568
35568 35569
35569 35578
35578 35589
35589 35593
35593 35594
35594 35594
35594 35594
35594 35594
35594 35599
35599 35600
35600 35601
35601 35603
35603 35605
35605 35607
35607 35608
35608 35609
35609 35610
35610 35611
35611 35612
35612 35617
35617 35635
35635 35636
35636 35637
35637 35639
35639 35651
35651 35652
35652 35653
35653 35653
35653 35656
35656 35657
35657 35658
35658 35659
35659 35660
35660 35663
35663 35664
35664 35669
35669 35673
35673 35676
35676 35679
35679 35683
35683 35735
35735 35740
35740 35741
35741 35743
35743 35744
35744 35747
35747 35752
35752 35754
35754 35767
35767 35775
35775 35780
35780 35781
35781 35782
35782 35796
35796 35808
35808 35814
35814 35817
35817 35819
35819 35822
35822 35833
35833 35836
35836 35840
35840 35847
35847 35847
35847 35847
35847 35848
35848 35848
35848 35852
35852 35853
35853 35854
35854 35855
35855 35859
35859 35868
35868 35868
35868 35872
35872 35873
35873 35874
35874 35883
35883 35896
35896 35897
35897 35898
35898 35900
35900 35901
35901 35902
35902 35910
35910 35911
35911 35912
35912 35913
35913 35915
35915 35916
35916 35923
35923 35924
35924 35925
35925 35926
35926 35927
35927 35928
35928 35930
35930 35931
35931 35932
35932 35938
35938 35939
35939 35940
35940 35942
35942 35943
35943 35944
35944 35945
35945 35945
35945 35946
35946 35947
35947 35951
35951 35956
35956 35967
35967 35968
35968 35969
35969 35970
35970 35972
35972 35981
35981 35981
35981 35984
35984 35985
35985 35987
35987 35988
35988 35989
35989 35990
35990 35991
35991 35992
35992 35996
35996 35997
35997 35997
35997 35998
35998 36000
36000 36020
36020 36021
36021 36022
36022 36025
36025 36026
36026 36027
36027 36027
36027 36030
36030 36031
36031 36032
36032 36033
36033 36034
36034 36035
36035 36036
36036 36037
36037 36041
36041 36042
36042 36043
36043 36044
36044 36044
36044 36045
36045 36046
36046 36046
36046 36046
36046 36047
36047 36048
36048 36049
36049 36049
36049 36050
36050 36050
36050 36051
36051 36052
36052 36052
36052 36053
36053 36054
36054 36056
36056 36056
36056 36057
36057 36059
36059 36060
36060 36061
36061 36061
36061 36062
36062 36067
36067 36072
36072 36073
36073 36079
36079 36084
36084 36087
36087 36091
36091 36092
36092 36093
36093 36094
36094 36095
36095 36096
36096 36097
36097 36098
36098 36099
36099 36100
36100 36100
36100 36104
36104 36104
36104 36105
36105 36106
36106 36106
36106 36108
36108 36109
36109 36113
36113 36117
36117 36118
36118 36119
36119 36121
36121 36122
36122 36123
36123 36123
36123 36124
36124 36125
36125 36127
36127 36127
36127 36128
36128 36131
36131 36133
36133 36136
36136 36137
36137 36138
36138 36140
36140 36140
36140 36141
36141 36148
36148 36150
36150 36151
36151 36152
36152 36152
36152 36152
36152 36153
36153 36154
36154 36155
36155 36157
36157 36159
36159 36160
36160 36164
36164 36165
36165 36173
36173 36178
36178 36179
36179 36179
36179 36180
36180 36187
36187 36188
36188 36199
36199 36201
36201 36203
36203 36208
36208 36209
36209 36210
36210 36211
36211 36212
36212 36214
36214 36215
36215 36216
36216 36219
36219 36223
36223 36224
36224 36225
36225 36232
36232 36233
36233 36235
36235 36236
36236 36237
36237 36240
36240 36241
36241 36244
36244 36255
36255 36256
36256 36258
36258 36259
36259 36259
36259 36260
36260 36261
36261 36262
36262 36265
36265 36266
36266 36267
36267 36268
36268 36269
36269 36270
36270 36271
36271 36272
36272 36273
36273 36274
36274 36275
36275 36275
36275 36275
36275 36275
36275 36275
36275 36275
36275 36277
36277 36278
36278 36279
36279 36280
36280 36281
36281 36285
36285 36288
36288 36291
36291 36294
36294 36295
36295 36297
36297 36297
36297 36298
36298 36299
36299 36300
36300 36301
36301 36302
36302 36303
36303 36304
36304 36307
36307 36308
36308 36308
36308 36311
36311 36312
36312 36312
36312 36313
36313 36315
36315 36317
36317 36318
36318 36319
36319 36320
36320 36321
36321 36322
36322 36323
36323 36324
36324 36325
36325 36326
36326 36326
36326 36327
36327 36328
36328 36335
36335 36336
36336 36337
36337 36339
36339 36340
36340 36354
36354 36355
36355 36356
36356 36358
36358 36359
36359 36360
36360 36366
36366 36368
36368 36368
36368 36369
36369 36370
36370 36371
36371 36372
36372 36373
36373 36375
36375 36376
36376 36377
36377 36379
36379 36380
36380 36381
36381 36387
36387 36393
36393 36393
36393 36395
36395 36395
36395 36398
36398 36400
36400 36403
36403 36406
36406 36411
36411 36412
36412 36418
36418 36419
36419 36420
36420 36423
36423 36424
36424 36425
36425 36426
36426 36427
36427 36428
36428 36429
36429 36430
36430 36431
36431 36432
36432 36433
36433 36436
36436 36442
36442 36448
36448 36449
36449 36453
36453 36454
36454 36455
36455 36455
36455 36456
36456 36456
36456 36456
36456 36456
36456 36458
36458 36459
36459 36460
36460 36461
36461 36465
36465 36475
36475 36476
36476 36478
36478 36479
36479 36480
36480 36481
36481 36482
36482 36485
36485 36486
36486 36487
36487 36487
36487 36489
36489 36490
36490 36491
36491 36492
36492 36493
36493 36494
36494 36495
36495 36496
36496 36497
36497 36498
36498 36499
36499 36500

t_m = 42984
gggg:tot = 1218
	 get_g, T : 67,	 n=216
load graph of size n=216, m=1218
Find a k-plex of size: 1
Find a k-plex of size: 2
Find a k-plex of size: 3
Find a k-plex of size: 4
Find a k-plex of size: 5
Find a k-plex of size: 6
Find a k-plex of size: 7
Greedy find a k-plex of size: 8
Find a k-plex of size: 9
Greedy find a k-plex of size: 10
lb = 2
	 kplex = 10 
	 CTCP: tv = 9, te = 7
	 CTCP, T : 6,577,	 n=661, m=8867
u = 139, deg = 0
n = 661, m = 8867
0 36
45 68
95 227
98 239
353 279
370 286
435 399
447 492
646 508
647 515
656 533
888 548
914 614
922 638
925 777
949 789
978 805
1067 826
1078 880
1089 944
1131 951
1133 961
1139 1003
1142 1020
1927 1046
1964 1056
1977 1072
1979 1109
2005 1136
2018 1148
2029 1166
2030 1190
2032 1206
2063 1233
2064 1288
2066 1297
2073 1313
2176 1325
2177 1346
2255 1359
2263 1387
2264 1398
2271 1439
2272 1447
2281 1470
2287 1481
2288 1500
2300 1530
2301 1550
2310 1570
2315 1624
2394 1634
2397 1647
2420 1679
2430 1690
2505 1700
2506 1712
2525 1724
2533 1736
2565 1744
2566 1762
2626 1786
2627 1797
2629 1807
2631 1824
2632 1840
2639 1866
2674 1899
2678 1908
2679 1921
2687 2003
2695 2015
2706 2048
2707 2057
2709 2066
2710 2073
2712 2093
2718 2161
2725 2172
2740 2200
2746 2209
2772 2218
2808 2230
2817 2239
2821 2251
2823 2260
2826 2268
2832 2276
2833 2290
2834 2301
2867 2314
2869 2326
2911 2360
2920 2372
2998 2375
3010 2400
3012 2429
3014 2443
3015 2475
3036 2489
3040 2501
3051 2510
3075 2521
3119 2546
3120 2574
3136 2627
3139 2646
3144 2686
3160 2699
3197 2735
3202 2784
3212 2873
3218 2884
3219 2930
3222 2975
3229 2988
3231 3000
3234 3021
3241 3028
3244 3044
3246 3054
3255 3069
3257 3090
3270 3099
3284 3117
3285 3128
3287 3158
3288 3187
3341 3198
3342 3214
3346 3226
3350 3237
3351 3282
3355 3298
3365 3307
3405 3316
3407 3339
3417 3347
3423 3356
3448 3369
3449 3386
3452 3396
3475 3439
3477 3448
3489 3466
3490 3478
3523 3487
3525 3518
3528 3531
3529 3697
3532 3704
3554 3818
3556 3826
3559 3834
3560 3847
3561 3890
3610 3927
3616 3935
3623 3953
3627 3965
3752 3974
3762 3999
3783 4017
3784 4072
3799 4086
3806 4093
3837 4122
3838 4133
3845 4153
3847 4162
3854 4174
3855 4184
3869 4193
3921 4198
3930 4229
3934 4238
3936 4247
3957 4262
3958 4312
3968 4398
3976 4418
3982 4423
3988 4553
4003 4578
4036 4651
4041 4659
4042 4691
4045 4727
4047 4741
4050 4779
4063 4793
4076 4895
4079 4909
4080 4925
4087 4942
4097 5032
4101 5043
4108 5058
4124 5076
4130 5086
4135 5110
4145 5137
4150 5164
4151 5188
4154 5219
4157 5243
4166 5276
4186 5291
4198 5318
4199 5331
4200 5379
4202 5392
4237 5403
4330 5424
4332 5477
4335 5497
4337 5506
4345 5564
4351 5603
4353 5612
4355 5640
4360 5678
4380 5687
4381 5709
4387 5810
4391 5848
4400 5868
4406 5875
4408 5913
4420 5932
4448 5941
4472 5957
4474 5979
4480 6024
4522 6034
4524 6043
4526 6078
4531 6086
4592 6121
4593 6131
4599 6199
4614 6215
4624 6226
4630 6239
4632 6274
4633 6283
4640 6297
4641 6318
4642 6352
4644 6366
4650 6367
4651 6412
4676 6416
4682 6428
4685 6448
4695 6458
4697 6538
4701 6675
4702 6686
4703 6702
4818 6709
4824 6740
4825 6761
4826 6770
4828 6811
4841 6830
4880 6843
4884 6924
4885 6937
4897 6956
4899 6977
4902 7003
4903 7012
4906 7031
4910 7041
4915 7054
4924 7100
4930 7108
4941 7147
4942 7158
4947 7171
4959 7216
4960 7226
4966 7238
4967 7259
4970 7283
4971 7299
4972 7309
4973 7323
4977 7338
5000 7448
5001 7463
5008 7471
5009 7561
5017 7565
5018 7577
5046 7623
5048 7701
5138 7709
5139 7715
5140 7724
5144 7735
5150 7776
5163 7794
5166 7916
5168 7928
5174 7949
5175 7959
5176 7972
5178 7983
5179 8021
5181 8033
5187 8049
5224 8095
5228 8111
5231 8120
5241 8161
5250 8170
5251 8202
5255 8213
5256 8223
5273 8234
5286 8246
5287 8256
5297 8267
5301 8288
5318 8323
5319 8390
5321 8395
5331 8404
5332 8491
5335 8517
5344 8539
5347 8548
5359 8558
5376 8589
5388 8609
5399 8622
5403 8633
5420 8650
5421 8679
5429 8700
5437 8716
5438 8733
5444 8745
5462 8777
5465 8786
5467 8801
5481 8849
5484 8855
5487 8864
5490 8874
5496 8887
5498 8905
5517 8918
5530 8925
5533 8946
5539 8961
5545 8978
5546 8987
5547 9002
5560 9010
5564 9057
5565 9139
5569 9159
5581 9260
5582 9437
5585 9451
5590 9473
5591 9484
5593 9492
5606 9498
5609 9502
5611 9507
5618 9520
5627 9540
5628 9583
5643 9598
5645 9621
5646 9637
5647 9657
5668 9671
5671 9685
5676 9703
5681 9716
5683 9737
5684 9748
5686 9800
5708 9815
5711 9828
5714 9830
5723 9848
5724 9857
5726 9881
5742 9969
5744 9983
5748 9992
5753 10008
5758 10017
5772 10026
5774 10041
5775 10086
5836 10112
5839 10121
5853 10148
5868 10160
5870 10173
5871 10185
5876 10211
5877 10247
5878 10257
5908 10279
5918 10326
5927 10339
5944 10348
5947 10365
5950 10374
5953 10386
5956 10391
5962 10400
5963 10408
5964 10437
5965 10451
5981 10464
5982 10472
6017 10483
6018 10492
6019 10501
6044 10505
6045 10514
6049 10532
6051 10541
6060 10578
6070 10610
6073 10623
6127 10638
6148 10707
6156 10744
6159 10778
6172 10786
6176 10796
6180 10833
6186 10850
6194 10861
6198 10887
6208 10895
6227 10924
6229 10952
6230 10962
6231 10987
6235 10996
6238 11013
6242 11022
6244 11032
6248 11057
6252 11075
6254 11095
6255 11114
6258 11145
6260 11178
6265 11188
6267 11229
6272 11302
6275 11339
6276 11350
6281 11381
6282 11444
6284 11454
6303 11466
6304 11480
6315 11489
6316 11497
6350 11504
6414 11511
6415 11518
6416 11527
6417 11543
6419 11543
6482 11543
6486 11543
6488 11543
6489 11543
6499 11543
6500 11543
6504 11543
6520 11543
6531 11544
6560 11576
6564 11593
6625 11662
6634 11700
6654 11712
6702 11724
6703 11772
6711 11781
6714 11793
6715 11873
6716 11905
6718 11924
6796 11932
6959 11980
6976 11994
6981 12008
6983 12017
6984 12029
7036 12123
7037 12140
7039 12149
7048 12154
7050 12167
7052 12176
7056 12195
7059 12206
7062 12221
7064 12234
7072 12358
7074 12369
7084 12383
7089 12501
7090 12512
7097 12527
7099 12546
7102 12557
7105 12565
7123 12569
7128 12579
7130 12592
7135 12604
7136 12608
7137 12624
7144 12638
7153 12759
7154 12788
7155 12807
7157 12821
7159 12847
7163 12847
7164 12855
7174 12867
7178 12868
7183 12883
7185 12894
7191 12933
7247 12952
7260 12963
7261 12971
7263 12983
7265 13009
7266 13029
7269 13039
7272 13048
7280 13087
7281 13100
7282 13112
7283 13130
7284 13162
7285 13169
7286 13177
7290 13216
7294 13223
7309 13234
7310 13269
7318 13292
7319 13348
7325 13360
7326 13368
7327 13388
7328 13397
7330 13409
7331 13419
7335 13472
7336 13506
7338 13517
7341 13520
7350 13571
7351 13583
7353 13592
7360 13601
7364 13615
7365 13626
7388 13628
7397 13632
7411 13641
7413 13649
7440 13658
7441 13660
7445 13670
7467 13680
7474 13690
7507 13700
7541 13710
7542 13729
7544 13735
7546 13746
7548 13755
7549 13802
7557 13804
7561 13821
7573 13825
7602 13834
7603 13835
7605 13843
7614 13858
7624 13860
7627 13861
7631 13861
7645 13874
7648 13884
7651 13930
7657 13939
7659 13961
7663 13982
7664 13993
7666 14008
7706 14019
7707 14025
7709 14034
7711 14060
7715 14079
7723 14088
7724 14102
7726 14119
7727 14133
7728 14149
7730 14162
7731 14165
7733 14167
7735 14169
7743 14170
7744 14181
7752 14187
7755 14228
7756 14239
7758 14258
7759 14280
7762 14288
7764 14308
7820 14319
7826 14336
7832 14348
7834 14361
7841 14380
7843 14391
7844 14408
7845 14439
7847 14462
7849 14476
7850 14484
7851 14503
7852 14512
7856 14521
7858 14532
7871 14548
7877 14557
7879 14589
7882 14597
7888 14605
7902 14620
7903 14631
7906 14645
7912 14654

t_m = 2609963
gggg:tot = 478186
	 get_g, T : 10,316,	 n=594
